# NIVEL 1

import pickle
datos=[
    [0,0,0,0,0,0,0,0,0,0,0,0,0,0,0,4,0,0,0,0],  [0]
    [0,0,0,0,0,0,0,0,0,0,0,0,0,0,0,4,0,0,0,0],  [50]
    [0,0,0,5,6,6,7,0,0,0,5,6,6,6,6,6,7,0,0,0],  [100]
    [0,0,0,0,0,0,0,0,0,0,0,0,0,0,0,0,0,0,0,0],  [150]
    [2,0,0,0,0,0,0,0,0,0,0,0,0,0,0,0,0,0,0,0],  [200]
    [0,0,0,0,0,0,0,0,0,0,0,0,0,0,0,0,0,0,0,0],  [250]
    [0,0,5,6,7,0,0,0,5,6,7,0,0,0,0,0,0,0,0,0],  [300]
    [0,0,0,0,0,2,0,0,0,0,0,2,0,0,2,0,0,0,0,0],  [350]
    [0,0,0,0,0,0,0,0,0,0,0,0,0,0,0,0,0,0,2,0],  [400]
    [0,0,0,0,0,0,0,0,0,0,0,0,0,0,0,0,0,0,0,0],  [450]
    [0,0,0,0,0,0,0,0,0,0,0,0,0,0,0,0,0,0,0,0],  [500]
    [1,1,1,1,1,1,1,1,1,1,1,1,1,1,1,1,1,1,1,1]]  [550]

salida=open('nivel1.pkl','wb')
pickle.dump(datos, salida)
salida.close()
# NIVEL 2

import pickle
datos=[
    [0,0,0,0,0,0,0,0,0,0,0,0,0,0,0,4,0,0,0,0],
    [0,0,0,0,0,0,0,0,0,0,0,0,0,0,0,4,0,0,0,0],
    [0,0,0,0,0,0,0,0,0,0,0,0,0,0,5,6,7,0,0,0],
    [0,0,0,0,0,0,0,0,0,0,0,0,0,0,0,0,0,0,0,0],
    [0,0,0,0,0,0,0,0,0,0,0,0,0,0,0,0,0,0,0,2],
    [0,0,0,0,0,0,5,6,7,0,0,5,6,7,0,0,0,0,2,0],
    [0,0,0,2,0,0,0,0,0,0,0,0,0,0,0,0,0,0,0,0],
    [0,0,0,0,0,0,0,0,0,0,0,0,0,0,0,0,2,0,0,0],
    [2,0,0,0,0,0,0,0,0,0,0,0,0,0,0,0,0,0,0,0],
    [0,2,0,0,0,0,0,0,0,0,0,0,0,0,0,0,0,0,0,0],
    [0,0,0,5,6,7,0,0,0,0,0,0,0,0,0,0,0,0,0,0],
    [0,0,0,0,0,0,0,0,5,6,6,7,0,0,0,0,0,0,0,0]]

salida=open('nivel2.pkl','wb')
pickle.dump(datos, salida)
salida.close()

# NIVEL 3

import pickle
datos=[
    [0,0,0,0,0,0,0,0,0,0,0,0,0,0,0,4,0,0,0,0],
    [0,0,0,0,0,0,0,0,0,0,0,0,0,0,0,4,0,0,0,0],
    [0,0,0,0,2,0,0,0,5,6,6,6,6,6,6,6,6,6,7,0],
    [0,0,0,0,0,0,0,0,0,0,0,0,0,0,0,0,0,0,0,0],
    [2,0,0,0,0,0,0,0,0,0,0,0,0,0,0,0,0,0,0,0],
    [0,0,0,0,0,0,0,0,0,0,0,0,5,6,6,7,0,0,0,0],
    [0,0,0,0,0,0,0,0,0,0,0,0,0,0,0,0,0,0,0,2],
    [0,0,5,6,7,0,0,0,0,0,0,0,0,0,0,0,0,0,0,0],
    [0,0,0,0,0,0,5,6,6,6,6,7,0,0,0,0,0,0,0,0],
    [0,0,0,0,0,0,0,0,0,0,0,0,0,0,0,5,6,7,0,0],
    [0,0,0,0,0,0,0,0,0,0,0,0,0,0,0,0,0,0,0,0],
    [0,0,0,0,0,0,5,6,6,6,6,6,6,7,0,0,0,0,0,0]]

salida=open('nivel3.pkl','wb')
pickle.dump(datos, salida)
salida.close()
# NIVEL 4

import pickle
datos=[
    [0,0,0,0,0,0,0,0,0,0,0,0,0,0,0,4,0,0,0,0],
    [0,0,0,0,0,0,0,2,0,0,0,0,0,0,0,4,0,0,0,0],
    [0,0,0,0,0,0,0,0,0,5,6,6,7,0,5,6,6,6,7,0],
    [5,6,7,0,0,0,0,0,0,0,0,0,0,0,0,0,0,0,0,0],
    [0,0,0,0,0,2,0,0,0,0,0,0,0,0,0,0,0,0,0,0],
    [0,0,0,0,0,0,0,0,0,0,0,0,0,0,0,0,0,0,0,0],
    [0,0,0,0,0,0,0,5,6,7,0,0,2,0,0,0,0,0,0,2],
    [0,0,0,2,0,0,0,0,0,0,0,0,0,2,0,0,0,0,2,0],
    [2,0,0,0,0,0,0,0,0,0,0,0,0,0,5,6,7,0,0,0],
    [0,0,0,0,0,0,0,0,0,0,0,0,0,0,0,0,0,0,0,0],
    [0,0,5,6,7,0,0,0,0,0,0,0,0,0,0,0,0,0,0,0],
    [0,0,0,0,0,0,0,5,6,6,6,7,0,0,0,0,0,0,0,0]]

salida=open('nivel4.pkl','wb')
pickle.dump(datos, salida)
salida.close()



